
  # YEAR MONTH EI LI ESPI
   1 1979  1  0.693167 -1.420761  1.020329
   2 1979  2  0.532197 -0.503385  0.557185
   3 1979  3  0.110550 -0.018238  0.082913
   4 1979  4 -0.544362 -0.249532 -0.265665
   5 1979  5 -0.414994 -0.265092 -0.146544
   6 1979  6 -1.205292  0.662866 -0.996662
   7 1979  7 -0.536472  1.003113 -0.824268
   8 1979  8  0.038309 -0.816458  0.426908
   9 1979  9 -0.343349  0.019143 -0.207782
  10 1979 10  0.338651  0.145717  0.125643
  11 1979 11 -0.405093  0.281268 -0.369882
  12 1979 12  0.052308 -0.703468  0.306323
  13 1980  1 -1.021574  0.344377 -0.813874
  14 1980  2 -0.881263 -0.148954 -0.510095
  15 1980  3  0.175929 -0.708039  0.420435
  16 1980  4 -0.790895  0.051270 -0.592624
  17 1980  5 -0.004519 -1.340811  0.667103
  18 1980  6 -0.047769  0.002061 -0.027494
  19 1980  7 -0.120874 -0.921914  0.385468
  20 1980  8 -0.588638  0.565994 -0.609835
  21 1980  9 -0.288230 -0.527012  0.075669
  22 1980 10 -0.378292 -0.323041 -0.066189
  23 1980 11  0.112353 -0.511809  0.285979
  24 1980 12 -0.997659  0.824677 -0.952351
  25 1981  1 -0.592832  0.367657 -0.538473
  26 1981  2  0.218861 -0.688600  0.431350
  27 1981  3  0.433570 -0.991321  0.715965
  28 1981  4  0.411039 -0.739339  0.663891
  29 1981  5 -0.779442  0.645694 -0.846808
  30 1981  6 -0.581779 -0.092902 -0.276335
  31 1981  7 -0.342331  0.263998 -0.338836
  32 1981  8  0.116891 -0.185495  0.157408
  33 1981  9 -1.315464  0.535711 -1.008996
  34 1981 10 -0.706101 -0.017656 -0.394391
  35 1981 11 -0.807454  0.830156 -0.851210
  36 1981 12 -0.441868  0.075497 -0.309279
  37 1982  1 -0.641805  0.936318 -0.795213
  38 1982  2 -0.726433 -0.432997 -0.290220
  39 1982  3 -0.322554 -0.110459 -0.172380
  40 1982  4 -0.556235 -0.237500 -0.280185
  41 1982  5 -0.484034 -0.544295 -0.053419
  42 1982  6  0.417352 -0.342390  0.401080
  43 1982  7  1.481029 -2.167240  1.975980
  44 1982  8  1.309286 -1.541538  1.496803
  45 1982  9  1.331447 -1.907437  1.649953
  46 1982 10  1.728550 -1.781532  1.809849
  47 1982 11  2.725645 -2.758862  2.854996
  48 1982 12  2.131958 -1.204852  1.818659
  49 1983  1  2.430354 -1.782948  2.316219
  50 1983  2  2.195133 -1.226824  1.941513
  51 1983  3  2.022051 -0.175800  1.449517
  52 1983  4  2.046674  0.735596  1.100004
  53 1983  5  2.907300  0.834269  1.537862
  54 1983  6  1.863502 -0.525011  1.293060
  55 1983  7 -0.610128  0.692970 -0.714587
  56 1983  8 -0.387486 -0.196540 -0.118771
  57 1983  9 -0.544171  0.345090 -0.474258
  58 1983 10 -0.762930  0.433302 -0.635462
  59 1983 11 -0.755621  0.305730 -0.597393
  60 1983 12 -0.793294  1.088607 -0.925362
  61 1984  1 -0.891206  2.000744 -1.380478
  62 1984  2 -1.029432  1.897294 -1.465571
  63 1984  3 -0.624384  1.425880 -1.030329
  64 1984  4 -0.745848  2.195994 -1.631334
  65 1984  5 -0.753500  2.739152 -1.875683
  66 1984  6 -0.621503  1.129251 -0.904427
  67 1984  7 -0.441353  2.129611 -1.327142
  68 1984  8 -0.939268  0.621695 -0.833306
  69 1984  9 -1.169762  1.267152 -1.261400
  70 1984 10 -0.541394  0.634255 -0.602148
  71 1984 11 -0.092635 -0.292082  0.066089
  72 1984 12 -1.008054  0.463532 -0.818692
  73 1985  1 -0.110356 -0.315117  0.051006
  74 1985  2 -0.928815  0.814091 -0.945366
  75 1985  3  0.202546 -0.292008  0.261777
  76 1985  4 -1.136250  0.580683 -1.104594
  77 1985  5 -1.273602  1.080259 -1.396273
  78 1985  6 -0.852806  0.280206 -0.611559
  79 1985  7 -1.044262  0.550970 -0.907045
  80 1985  8 -0.754771  0.185207 -0.513483
  81 1985  9 -0.987828  0.671522 -0.881678
  82 1985 10 -0.805311  0.262017 -0.580366
  83 1985 11 -0.740101  0.464087 -0.654724
  84 1985 12 -0.503989 -0.039093 -0.304138
  85 1986  1 -1.408145  0.609243 -1.174905
  86 1986  2 -0.801781  0.054036 -0.543681
  87 1986  3 -1.483357  1.832399 -1.787074
  88 1986  4 -0.825465  1.164742 -1.173440
  89 1986  5 -0.356833 -0.877537  0.198665
  90 1986  6 -0.347458  0.193672 -0.288596
  91 1986  7 -0.680858 -0.233301 -0.296560
  92 1986  8 -0.514754 -0.346357 -0.115432
  93 1986  9 -0.365706 -0.208341 -0.115979
  94 1986 10 -0.021265  0.016364 -0.019696
  95 1986 11  0.178534 -0.006695  0.113441
  96 1986 12  1.463082 -2.075654  1.733034
  97 1987  1  0.863213  0.150498  0.513620
  98 1987  2  1.101671 -1.143638  1.196060
  99 1987  3  0.932054 -1.860190  1.424041
 100 1987  4  1.317902 -1.934027  1.910643
 101 1987  5  1.621480 -1.884581  2.032183
 102 1987  6  1.447155 -0.974538  1.285258
 103 1987  7  2.200032 -1.407924  2.033924
 104 1987  8  1.258464 -0.356441  0.879813
 105 1987  9  1.307163 -1.752225  1.564404
 106 1987 10  0.797456 -0.912846  0.877047
 107 1987 11  0.339010 -0.468894  0.408262
 108 1987 12  0.117472 -0.543373  0.285439
 109 1988  1 -0.150487 -0.173143 -0.031614
 110 1988  2  0.108366 -0.135800  0.127437
 111 1988  3 -1.131654  0.455691 -0.963036
 112 1988  4  0.448054 -0.849634  0.745506
 113 1988  5 -0.559350  0.759402 -0.755653
 114 1988  6 -0.727600  0.724676 -0.762591
 115 1988  7 -0.744758  0.527798 -0.713996
 116 1988  8 -0.852998  1.899948 -1.420007
 117 1988  9 -1.039864  1.210887 -1.160215
 118 1988 10 -0.531120  1.203094 -0.859511
 119 1988 11 -1.036454  2.574668 -1.730591
 120 1988 12 -0.561292  1.386458 -0.894036
 121 1989  1 -0.805049  0.833272 -0.862934
 122 1989  2 -0.771917  1.047653 -0.941485
 123 1989  3 -0.530837  0.709611 -0.662411
 124 1989  4 -0.883432  0.126972 -0.696771
 125 1989  5 -0.599101  0.514536 -0.659996
 126 1989  6 -0.148839  0.368987 -0.265467
 127 1989  7 -0.293552  0.779715 -0.565883
 128 1989  8 -0.891008  0.230345 -0.611982
 129 1989  9 -0.349131 -0.014325 -0.195721
 130 1989 10 -0.768709  0.334408 -0.592996
 131 1989 11 -0.160866  0.122910 -0.151625
 132 1989 12  0.048758 -0.519379  0.232586
 133 1990  1 -0.050500 -0.125436  0.015942
 134 1990  2  0.762146 -1.163546  0.983798
 135 1990  3  0.444682 -1.166253  0.797841
 136 1990  4  0.416975 -0.594954  0.596046
 137 1990  5  0.416416 -0.219497  0.389698
 138 1990  6 -0.293655  0.149281 -0.236765
 139 1990  7 -0.052096 -0.429963  0.182367
 140 1990  8  0.146359 -0.937465  0.547349
 141 1990  9 -0.435473 -0.353853 -0.089398
 142 1990 10 -0.118227 -0.292977  0.068166
 143 1990 11  0.333153 -0.427695  0.387216
 144 1990 12  0.220922 -1.082815  0.560467
 145 1991  1 -0.293098 -0.365877 -0.050275
 146 1991  2 -0.392881 -0.365452 -0.101842
 147 1991  3  0.659167 -0.581907  0.695408
 148 1991  4  0.031463 -0.059525  0.052282
 149 1991  5  0.693414 -0.405819  0.669072
 150 1991  6  1.311893 -1.200426  1.322319
 151 1991  7  0.824463 -0.953998  0.974371
 152 1991  8  0.904418 -1.108411  1.055585
 153 1991  9  0.813397 -0.896613  0.884254
 154 1991 10  0.485057 -0.986819  0.733172
 155 1991 11  1.690167 -1.029370  1.482314
 156 1991 12  0.385478 -0.257104  0.344075
 157 1992  1  1.826805 -2.881341  2.348726
 158 1992  2  1.303364 -1.697859  1.559830
 159 1992  3  2.347396 -2.276635  2.563287
 160 1992  4  1.423359 -1.431687  1.735396
 161 1992  5  1.210169 -1.721337  1.674032
 162 1992  6  0.857834 -0.809899  0.877025
 163 1992  7 -0.245261 -0.243995 -0.027238
 164 1992  8 -0.398590 -0.370367 -0.038636
 165 1992  9  0.420234 -0.003654  0.245204
 166 1992 10 -0.183725  0.985527 -0.560780
 167 1992 11  0.253208 -0.718662  0.460694
 168 1992 12  0.297495 -0.293094  0.302307
 169 1993  1 -0.022385 -0.320078  0.111354
 170 1993  2  0.416879 -1.057607  0.714963
 171 1993  3  0.456310 -1.030609  0.748118
 172 1993  4  1.321394 -1.215109  1.554142
 173 1993  5  0.818941 -0.847140  0.974049
 174 1993  6  0.653181 -0.934081  0.825195
 175 1993  7  0.602031  0.177253  0.276674
 176 1993  8  0.312491 -0.883684  0.613412
 177 1993  9  0.249093 -0.257330  0.262850
 178 1993 10  1.011286 -0.473360  0.795591
 179 1993 11 -0.197178 -0.680896  0.165693
 180 1993 12  0.311694 -0.306746  0.316604
 181 1994  1 -0.215557 -0.758214  0.155900
 182 1994  2 -0.383003 -0.159619 -0.181851
 183 1994  3 -1.113565  0.260909 -0.867981
 184 1994  4 -0.070852 -0.693718  0.295624
 185 1994  5 -0.111217 -0.387243  0.118764
 186 1994  6  0.850292 -0.422743  0.680851
 187 1994  7  1.149819 -1.085304  1.236894
 188 1994  8  1.122654 -0.398698  0.824959
 189 1994  9  1.668719 -1.147379  1.495384
 190 1994 10  0.911113 -1.532714  1.228678
 191 1994 11  0.656740 -0.888178  0.782366
 192 1994 12  1.306639 -0.969466  1.204342
 193 1995  1  0.216585 -0.373891  0.291192
 194 1995  2 -0.490971 -0.551733 -0.087363
 195 1995  3 -0.824139  0.082255 -0.595293
 196 1995  4  0.378913 -0.379379  0.461106
 197 1995  5 -0.343025 -0.502077  0.020293
 198 1995  6 -0.028159  0.390902 -0.209457
 199 1995  7 -0.523301 -0.034263 -0.300108
 200 1995  8 -1.005464  1.342933 -1.228495
 201 1995  9 -0.766192  0.996500 -0.902897
 202 1995 10 -0.575748  0.063833 -0.357782
 203 1995 11 -1.001606  1.234849 -1.142583
 204 1995 12 -0.806986  0.842465 -0.838452
 205 1996  1 -0.681936  1.324458 -0.974901
 206 1996  2 -0.887466  1.405640 -1.166882
 207 1996  3 -0.413775 -0.256029 -0.172556
 208 1996  4 -0.790545  0.095388 -0.614405
 209 1996  5 -0.438844 -0.016850 -0.286653
 210 1996  6 -0.398747  0.084099 -0.262681
 211 1996  7 -0.788659 -0.098430 -0.429005
 212 1996  8 -0.662096  0.723975 -0.729322
 213 1996  9 -0.487895 -0.014325 -0.276132
 214 1996 10 -0.938233  0.920257 -0.960735
 215 1996 11 -0.429106  0.190716 -0.346478
 216 1996 12 -0.815353  1.138249 -0.958616
 217 1997  1 -0.143458 -0.574258  0.131219
 218 1997  2 -0.602385  1.145060 -0.872224
 219 1997  3  1.304689 -1.457392  1.506269
 220 1997  4  0.979880 -0.859159  1.131548
 221 1997  5  1.888854 -1.976898  2.258102
 222 1997  6  3.414241 -2.875478  3.318058
 223 1997  7  2.845379 -0.907655  2.176124
 224 1997  8  3.191409 -2.222440  2.886044
 225 1997  9  3.032454 -2.209618  2.774824
 226 1997 10  3.425067 -2.143485  2.944551
 227 1997 11  2.773085 -0.839683  2.073043
 228 1997 12  2.445858 -1.961064  2.311204
 229 1998  1  2.903762 -1.077275  2.352187
 230 1998  2  2.748526 -0.493076  1.993011
 231 1998  3  2.310184  0.616975  1.308605
 232 1998  4  2.643451  1.834529  0.979084
 233 1998  5  1.675875  0.255035  0.999370
 234 1998  6 -0.669775  1.052831 -0.893281
 235 1998  7  0.523497  1.530713 -0.444378
 236 1998  8 -0.080418  1.777981 -0.927989
 237 1998  9 -0.836345  1.221558 -1.047192
 238 1998 10 -0.798568  0.833230 -0.840840
 239 1998 11 -0.929275  1.026280 -1.009597
 240 1998 12 -1.092488  0.851980 -1.023036
 241 1999  1 -0.914559  1.469103 -1.186343
 242 1999  2 -0.829347  0.711352 -0.837593
 243 1999  3 -0.684853  1.360539 -1.043683
 244 1999  4 -0.689278  2.100238 -1.542960
 245 1999  5 -1.158535  0.976684 -1.267136
 246 1999  6 -1.068019  0.787610 -0.982451
 247 1999  7 -1.131576  0.578894 -0.973858
 248 1999  8 -0.881612  1.146057 -1.061547
 249 1999  9 -0.457058  0.322293 -0.413279
 250 1999 10 -0.717660  1.151273 -0.941881
 251 1999 11 -0.649907  0.609142 -0.660167
 252 1999 12 -0.996898  1.312823 -1.141433
 253 2000  1 -1.045834  1.069896 -1.116063
 254 2000  2 -0.576196  1.477095 -0.994625
 255 2000  3 -0.389226  0.969734 -0.676643
 256 2000  4 -0.971080  0.867950 -1.129629
 257 2000  5 -0.504955  1.238437 -0.958502
 258 2000  6 -1.380279  2.139564 -1.825945
 259 2000  7 -0.133069  0.243797 -0.201957
 260 2000  8 -0.970871  0.870911 -0.974735
 261 2000  9  0.305755  0.218980  0.076339
 262 2000 10 -0.894889  1.109738 -1.023703
 263 2000 11 -0.853137  0.387269 -0.692279
 264 2000 12 -0.581323  0.234765 -0.459484
 265 2001  1 -0.808224  1.337433 -1.063842
 266 2001  2 -0.974529  1.294724 -1.176883
 267 2001  3 -0.802691  0.961876 -0.954426
 268 2001  4 -1.150218 -0.037466 -0.805924
 269 2001  5 -0.421270 -0.587639  0.010446
 270 2001  6 -0.965441  0.376292 -0.721628
 271 2001  7 -0.321844 -1.095998  0.350287
 272 2001  8  0.242878 -0.028955  0.150014
 273 2001  9  0.246780  0.456165 -0.067062
 274 2001 10 -0.572537  0.343110 -0.485182
 275 2001 11 -0.539214  0.709993 -0.634223
 276 2001 12  0.529243 -0.221114  0.421186
 277 2002  1 -0.065464  0.069206 -0.070742
 278 2002  2  0.600883 -0.517605  0.607787
 279 2002  3  0.199962 -0.474383  0.337504
 280 2002  4 -0.436810 -0.436531 -0.095175
 281 2002  5 -0.102430 -0.535288  0.198665
 282 2002  6  0.717544 -0.662117  0.725993
 283 2002  7  1.109333 -1.347915  1.343027
 284 2002  8  1.160237 -0.760277  1.025534
 285 2002  9  1.780501 -1.564514  1.752254
 286 2002 10  1.172783 -1.476938  1.352051
 287 2002 11  0.876662 -0.614807  0.803048
 288 2002 12  1.633978 -1.395973  1.577366
 289 2003  1  0.635805 -0.977664  0.807532
 290 2003  2  0.109285 -0.148243  0.133258
 291 2003  3 -0.091272  0.049171 -0.082949
 292 2003  4  0.003876 -0.395923  0.200490
 293 2003  5 -0.112891  0.543245 -0.347423
 294 2003  6  0.208173 -1.268417  0.744385
 295 2003  7 -0.124289  0.512350 -0.330263
 296 2003  8 -0.752208 -0.211906 -0.314815
 297 2003  9 -0.549567  0.163685 -0.393846
 298 2003 10 -0.516993  0.182902 -0.379381
 299 2003 11 -0.114305 -0.361176  0.081873
 300 2003 12 -0.504496  0.295990 -0.434584
 301 2004  1  0.064678 -0.634941  0.293299
 302 2004  2 -0.306966 -0.121936 -0.148265
 303 2004  3 -0.409899 -0.662962  0.002969
 304 2004  4  0.543734 -1.292315  1.035163
 305 2004  5 -1.472772  1.045359 -1.512749
 306 2004  6  0.877445 -0.140664  0.556013
 307 2004  7 -0.484766 -0.291527 -0.148743
 308 2004  8  1.570229 -1.148266  1.447196
 309 2004  9 -0.471320 -0.119093 -0.218281
 310 2004 10  0.485700 -0.540213  0.526880
 311 2004 11  0.335788 -0.608798  0.465411
 312 2004 12 -0.072948 -0.789514  0.260378
 313 2005  1 -0.444326 -0.519300 -0.090156
 314 2005  2  1.226868 -0.993973  1.214569
 315 2005  3 -0.180684 -0.062487 -0.096302
 316 2005  4 -0.079233 -0.180849  0.033505
 317 2005  5  0.111385 -0.321946  0.235803
 318 2005  6 -0.206162 -0.735165  0.250327
 319 2005  7 -0.824268  0.284199 -0.640974
 320 2005  8 -0.375528 -0.390054 -0.015979
 321 2005  9 -0.539931  0.375648 -0.485873
 322 2005 10 -0.356138  0.732753 -0.542109
 323 2005 11 -0.904676  0.503999 -0.773559
 324 2005 12 -1.049637  1.194923 -1.129063
 325 2006  1 -0.736578  0.424524 -0.656308
 326 2006  2 -0.758823  0.614301 -0.751017
 327 2006  3 -0.783826  0.849804 -0.893985
 328 2006  4 -1.162789  0.603745 -1.135137
 329 2006  5 -0.617093 -0.473931 -0.178054
 330 2006  6 -1.249039  0.599370 -0.989417
 331 2006  7  0.209847 -1.034207  0.641783
 332 2006  8  0.442749 -0.371807  0.431917
 333 2006  9  0.452998 -0.105027  0.310873
 334 2006 10  1.329464 -1.317521  1.367610
 335 2006 11  1.297471 -1.681255  1.514608
 336 2006 12  0.406269 -0.221114  0.343272
 337 2007  1  0.638526  0.256979  0.322495
 338 2007  2 -0.261941 -0.516539  0.046682
 339 2007  3 -0.745064 -0.362725 -0.352474
 340 2007  4 -0.735722 -0.034458 -0.510259
 341 2007  5 -0.502026 -0.228503 -0.223350
 342 2007  6 -1.186185  0.593189 -0.951520
 343 2007  7 -0.934509  1.377424 -1.251755
 344 2007  8 -0.731282  0.488204 -0.650856
 345 2007  9 -0.509865  1.127946 -0.814891
 346 2007 10 -0.440900  0.337968 -0.407753
 347 2007 11 -0.341840  0.659782 -0.490713
 348 2007 12 -0.930720  1.343849 -1.111553
 349 2008  1 -0.195832  0.217287 -0.215666
 350 2008  2 -1.003933  1.618583 -1.331975
 351 2008  3 -0.936292  1.586751 -1.310748
 352 2008  4 -1.242755  0.857923 -1.319396
 353 2008  5 -0.219171  0.598972 -0.446737
 354 2008  6 -0.636588  0.798848 -0.748936
 355 2008  7 -0.934021  0.824276 -0.976224
 356 2008  8 -0.739823  1.106202 -0.962571
 357 2008  9 -0.559589  0.089959 -0.365702
 358 2008 10 -0.813338  0.952694 -0.904540
 359 2008 11 -0.971444  1.240428 -1.126255
 360 2008 12 -1.154355  1.394732 -1.273003
 361 2009  1 -0.566985  0.603518 -0.614321
 362 2009  2 -0.627654  1.286903 -0.948202
 363 2009  3 -0.530321  0.659158 -0.640624
 364 2009  4 -0.681247  0.669921 -0.822948
 365 2009  5 -0.649312 -0.074829 -0.399190
 366 2009  6 -0.086487 -0.328342  0.114899
 367 2009  7  0.817146  0.366785  0.312742
 368 2009  8  0.431218 -0.938425  0.706903
 369 2009  9  0.498867 -0.440675  0.492023
 370 2009 10  0.520054 -0.638315  0.591861
 371 2009 11 -0.041681  0.309163 -0.156523
 372 2009 12  1.198879 -0.973189  1.137513
 373 2010  1  1.222123 -0.613568  1.053136
 374 2010  2  2.194214 -1.196607  1.928228
 375 2010  3  0.974692  0.140979  0.602813
 376 2010  4  0.496941 -0.147260  0.429812
 377 2010  5  0.392985  0.946850 -0.209002
 378 2010  6 -0.148839  1.999087 -1.073850
 379 2010  7 -1.088650  1.209281 -1.261511
 380 2010  8 -1.265981  1.790465 -1.596256
 381 2010  9 -0.550338  2.050492 -1.263187
 382 2010 10 -0.695506  1.892584 -1.272280
 383 2010 11 -0.577868  0.979931 -0.772289
 384 2010 12 -0.887109  1.350054 -1.086331
 385 2011  1 -0.527535  1.487804 -0.936826
 386 2011  2 -0.593655  1.334185 -0.945963
 387 2011  3 -0.851273  2.457687 -1.622969
 388 2011  4 -1.227041  0.535563 -1.147153
 389 2011  5 -0.694083  0.928274 -0.930649
 390 2011  6 -0.439980  1.316929 -0.896903
 391 2011  7  0.107899  0.447589 -0.157317
 392 2011  8  0.263805  0.032508  0.131173
 393 2011  9 -0.090877  1.163839 -0.588621
 394 2011 10 -0.301236  0.064624 -0.201643
 395 2011 11 -0.570840  0.182133 -0.430661
 396 2011 12 -1.295838  1.600746 -0.970369
 397 2012  1 -0.639765  0.713434 -0.705971
 398 2012  2 -0.297777  0.789561 -0.525022
 399 2012  3 -1.132946  1.449039 -1.385949
 400 2012  4 -0.773784 -0.191377 -0.459187
 401 2012  5 -0.777350  1.112345 -1.078636
 402 2012  6 -0.349469  0.624094 -0.503161
 403 2012  7 -0.603787  0.272316 -0.501435
 404 2012  8  0.017382 -0.631107  0.323162
 405 2012  9  0.583667  0.264089  0.216613
 406 2012 10 -0.113411 -0.698443  0.258534
 407 2012 11 -0.234661  0.179129 -0.221111
 408 2012 12 -0.349068  0.060605 -0.292668
 409 2013  1 -0.493299  0.273389 -0.435235
 410 2013  2 -0.482701  0.814446 -0.655633
 411 2013  3 -0.047342 -0.815149  0.314136
 412 2013  4 -1.217263  1.137669 -1.440816
 413 2013  5 -1.036355  0.759964 -1.076666
